-- MySQL dump 10.13  Distrib 5.7.24, for Linux (x86_64)
--
-- Host: localhost    Database: transportdb
-- ------------------------------------------------------
-- Server version	5.7.24

/*!40101 SET @OLD_CHARACTER_SET_CLIENT=@@CHARACTER_SET_CLIENT */;
/*!40101 SET @OLD_CHARACTER_SET_RESULTS=@@CHARACTER_SET_RESULTS */;
/*!40101 SET @OLD_COLLATION_CONNECTION=@@COLLATION_CONNECTION */;
/*!40101 SET NAMES utf8 */;
/*!40103 SET @OLD_TIME_ZONE=@@TIME_ZONE */;
/*!40103 SET TIME_ZONE='+00:00' */;
/*!40014 SET @OLD_UNIQUE_CHECKS=@@UNIQUE_CHECKS, UNIQUE_CHECKS=0 */;
/*!40014 SET @OLD_FOREIGN_KEY_CHECKS=@@FOREIGN_KEY_CHECKS, FOREIGN_KEY_CHECKS=0 */;
/*!40101 SET @OLD_SQL_MODE=@@SQL_MODE, SQL_MODE='NO_AUTO_VALUE_ON_ZERO' */;
/*!40111 SET @OLD_SQL_NOTES=@@SQL_NOTES, SQL_NOTES=0 */;

--
-- Table structure for table `bulto`
--

DROP TABLE IF EXISTS `bulto`;
/*!40101 SET @saved_cs_client     = @@character_set_client */;
/*!40101 SET character_set_client = utf8 */;
CREATE TABLE `bulto` (
  `idBulto` int(11) NOT NULL AUTO_INCREMENT,
  `idPedido` int(11) NOT NULL,
  `idCiudadOrigen` int(11) DEFAULT NULL,
  `idCiudadDestino` int(11) DEFAULT NULL,
  `idRemolque` int(11) DEFAULT NULL,
  `pesoKG` decimal(10,2) NOT NULL,
  `volumenM3` decimal(10,2) NOT NULL,
  `distanciaKM` decimal(10,2) NOT NULL,
  `costo` varchar(45) NOT NULL,
  `idEstado` int(11) NOT NULL DEFAULT '0',
  PRIMARY KEY (`idBulto`)
) ENGINE=InnoDB AUTO_INCREMENT=18 DEFAULT CHARSET=latin1;
/*!40101 SET character_set_client = @saved_cs_client */;

--
-- Dumping data for table `bulto`
--

LOCK TABLES `bulto` WRITE;
/*!40000 ALTER TABLE `bulto` DISABLE KEYS */;
INSERT INTO `bulto` VALUES (1,1,4,16,NULL,21.00,22.00,2294.00,'1278.52',1),(2,1,3,20,NULL,21.00,34.00,1178.00,'672.52',1),(3,1,3,19,NULL,12.00,21.00,534.00,'308.79',1),(4,2,4,8,2,12.00,23.00,2576.00,'1433.19',2),(5,2,8,5,NULL,10.00,21.00,630.00,'361.35',1),(6,3,6,36,1,13.00,23.00,1330.00,'748.01',2),(7,3,6,37,1,21.00,323.00,1973.00,'1297.62',2),(8,3,1,37,NULL,23.00,25.00,1380.00,'778.01',1),(9,3,3,15,1,23.00,123.00,60.00,'115.71',2),(10,4,6,34,2,50.00,123.00,2957.00,'1712.30',2),(11,4,42,4,2,55.00,24.00,2399.00,'1341.65',2),(12,4,30,36,1,23.00,56.00,2308.00,'1308.56',2),(13,4,27,49,NULL,56.00,56.00,1894.00,'1084.82',1),(14,4,4,28,NULL,45.00,145.00,444.00,'343.85',1),(15,5,1,28,2,45.00,143.00,1002.00,'649.45',2),(16,5,6,19,NULL,45.00,346.00,967.00,'762.15',1),(17,5,4,41,NULL,1234.00,1200.00,1752.00,'1891.68',1);
/*!40000 ALTER TABLE `bulto` ENABLE KEYS */;
UNLOCK TABLES;

--
-- Table structure for table `camion`
--

DROP TABLE IF EXISTS `camion`;
/*!40101 SET @saved_cs_client     = @@character_set_client */;
/*!40101 SET character_set_client = utf8 */;
CREATE TABLE `camion` (
  `idCamion` int(11) NOT NULL AUTO_INCREMENT,
  `matricula` varchar(45) NOT NULL,
  `pesoMaximo` decimal(10,2) NOT NULL,
  `pesoActual` decimal(10,2) NOT NULL,
  `kmPorHoraMedio` decimal(10,2) NOT NULL,
  PRIMARY KEY (`idCamion`)
) ENGINE=InnoDB AUTO_INCREMENT=4 DEFAULT CHARSET=latin1;
/*!40101 SET character_set_client = @saved_cs_client */;

--
-- Dumping data for table `camion`
--

LOCK TABLES `camion` WRITE;
/*!40000 ALTER TABLE `camion` DISABLE KEYS */;
INSERT INTO `camion` VALUES (1,'ISQ118',5315.21,0.00,100.53),(2,'WXF351',6351.23,0.00,95.53),(3,'ISW',8651.23,0.00,97.24);
/*!40000 ALTER TABLE `camion` ENABLE KEYS */;
UNLOCK TABLES;

--
-- Table structure for table `carretera`
--

DROP TABLE IF EXISTS `carretera`;
/*!40101 SET @saved_cs_client     = @@character_set_client */;
/*!40101 SET character_set_client = utf8 */;
CREATE TABLE `carretera` (
  `idCarretera` int(11) NOT NULL AUTO_INCREMENT,
  `idCiudadOrigen` int(11) DEFAULT NULL,
  `idCiudadDestino` int(11) DEFAULT NULL,
  `kilometros` int(11) DEFAULT NULL,
  PRIMARY KEY (`idCarretera`)
) ENGINE=InnoDB AUTO_INCREMENT=3365 DEFAULT CHARSET=latin1;
/*!40101 SET character_set_client = @saved_cs_client */;

--
-- Dumping data for table `carretera`
--

LOCK TABLES `carretera` WRITE;
/*!40000 ALTER TABLE `carretera` DISABLE KEYS */;
INSERT INTO `carretera` VALUES (1,1,1,0),(2,1,2,344),(3,1,3,303),(4,1,4,1446),(5,1,5,598),(6,1,6,726),(7,1,7,859),(8,1,8,1228),(9,1,9,240),(10,1,10,1340),(11,1,11,835),(12,1,12,1020),(13,1,13,528),(14,1,14,312),(15,1,15,289),(16,1,16,1376),(17,1,17,269),(18,1,18,1100),(19,1,19,249),(20,1,20,875),(21,1,21,48),(22,1,22,712),(23,1,23,978),(24,1,24,379),(25,1,25,1303),(26,1,26,1379),(27,1,27,1609),(28,1,28,1002),(29,1,29,735),(30,1,30,1076),(31,1,31,1008),(32,1,32,1222),(33,1,33,721),(34,1,34,2239),(35,1,35,502),(36,1,36,1579),(37,1,37,1380),(38,1,38,1340),(39,1,39,766),(40,1,40,1156),(41,1,41,836),(42,1,42,1468),(43,1,43,432),(44,1,44,1780),(45,1,45,901),(46,1,46,1983),(47,1,47,1782),(48,1,48,682),(49,1,49,480),(50,1,50,1355),(51,1,51,111),(52,1,52,1059),(53,1,53,2829),(54,1,54,466),(55,1,55,619),(56,1,56,704),(57,1,57,738),(58,1,58,387),(59,2,1,344),(60,2,2,0),(61,2,3,647),(62,2,4,1102),(63,2,5,919),(64,2,6,1070),(65,2,7,947),(66,2,8,1474),(67,2,9,594),(68,2,10,1624),(69,2,11,491),(70,2,12,1306),(71,2,13,844),(72,2,14,551),(73,2,15,639),(74,2,16,1408),(75,2,17,461),(76,2,18,1118),(77,2,19,336),(78,2,20,531),(79,2,21,306),(80,2,22,964),(81,2,23,1291),(82,2,24,641),(83,2,25,1655),(84,2,26,1613),(85,2,27,1961),(86,2,28,658),(87,2,29,987),(88,2,30,732),(89,2,31,1260),(90,2,32,1444),(91,2,33,731),(92,2,34,1895),(93,2,35,754),(94,2,36,1789),(95,2,37,983),(96,2,38,1423),(97,2,39,1056),(98,2,40,1178),(99,2,41,854),(100,2,42,1543),(101,2,43,716),(102,2,44,1810),(103,2,45,908),(104,2,46,2013),(105,2,47,1812),(106,2,48,934),(107,2,49,327),(108,2,50,1382),(109,2,51,370),(110,2,52,715),(111,2,53,2485),(112,2,54,641),(113,2,55,275),(114,2,56,813),(115,2,57,756),(116,2,58,700),(117,3,1,303),(118,3,2,647),(119,3,3,0),(120,3,4,1720),(121,3,5,303),(122,3,6,437),(123,3,7,711),(124,3,8,933),(125,3,9,158),(126,3,10,1811),(127,3,11,1138),(128,3,12,725),(129,3,13,233),(130,3,14,267),(131,3,15,60),(132,3,16,1167),(133,3,17,404),(134,3,18,1080),(135,3,19,534),(136,3,20,1178),(137,3,21,348),(138,3,22,511),(139,3,23,680),(140,3,24,223),(141,3,25,1008),(142,3,26,1138),(143,3,27,1314),(144,3,28,1305),(145,3,29,538),(146,3,30,1379),(147,3,31,799),(148,3,32,953),(149,3,33,610),(150,3,34,2542),(151,3,35,305),(152,3,36,1542),(153,3,37,1630),(154,3,38,1163),(155,3,39,569),(156,3,40,1140),(157,3,41,800),(158,3,42,1229),(159,3,43,242),(160,3,44,1563),(161,3,45,999),(162,3,46,1766),(163,3,47,1565),(164,3,48,484),(165,3,49,607),(166,3,50,1070),(167,3,51,350),(168,3,52,1362),(169,3,53,3132),(170,3,54,371),(171,3,55,922),(172,3,56,556),(173,3,57,704),(174,3,58,90),(175,4,1,1446),(176,4,2,1102),(177,4,3,1720),(178,4,4,0),(179,4,5,2013),(180,4,6,2164),(181,4,7,1845),(182,4,8,2576),(183,4,9,1630),(184,4,10,2726),(185,4,11,1076),(186,4,12,2408),(187,4,13,1946),(188,4,14,1653),(189,4,15,1740),(190,4,16,2294),(191,4,17,1563),(192,4,18,1990),(193,4,19,1393),(194,4,20,1116),(195,4,21,1408),(196,4,22,2066),(197,4,23,2212),(198,4,24,1733),(199,4,25,2757),(200,4,26,2715),(201,4,27,3063),(202,4,28,444),(203,4,29,2089),(204,4,30,391),(205,4,31,2362),(206,4,32,2546),(207,4,33,1629),(208,4,34,793),(209,4,35,1895),(210,4,36,2689),(211,4,37,850),(212,4,38,2269),(213,4,39,1927),(214,4,40,2075),(215,4,41,1752),(216,4,42,2399),(217,4,43,1820),(218,4,44,2710),(219,4,45,1360),(220,4,46,2913),(221,4,47,2712),(222,4,48,2036),(223,4,49,1227),(224,4,50,2284),(225,4,51,1472),(226,4,52,374),(227,4,53,1383),(228,4,54,1743),(229,4,55,889),(230,4,56,1769),(231,4,57,1656),(232,4,58,1619),(233,5,1,598),(234,5,2,919),(235,5,3,303),(236,5,4,2013),(237,5,5,0),(238,5,6,151),(239,5,7,628),(240,5,8,630),(241,5,9,353),(242,5,10,838),(243,5,11,1330),(244,5,12,512),(245,5,13,76),(246,5,14,465),(247,5,15,360),(248,5,16,1088),(249,5,17,707),(250,5,18,1220),(251,5,19,837),(252,5,20,1370),(253,5,21,643),(254,5,22,268),(255,5,23,392),(256,5,24,353),(257,5,25,705),(258,5,26,827),(259,5,27,1011),(260,5,28,1569),(261,5,29,396),(262,5,30,1643),(263,5,31,586),(264,5,32,650),(265,5,33,736),(266,5,34,2806),(267,5,35,478),(268,5,36,1375),(269,5,37,1823),(270,5,38,1062),(271,5,39,438),(272,5,40,1218),(273,5,41,959),(274,5,42,1062),(275,5,43,363),(276,5,44,1396),(277,5,45,1205),(278,5,46,1599),(279,5,47,1398),(280,5,48,295),(281,5,49,813),(282,5,50,903),(283,5,51,615),(284,5,52,1626),(285,5,53,3396),(286,5,54,615),(287,5,55,1194),(288,5,56,598),(289,5,57,861),(290,5,58,201),(291,6,1,726),(292,6,2,1070),(293,6,3,437),(294,6,4,2164),(295,6,5,151),(296,6,6,0),(297,6,7,627),(298,6,8,501),(299,6,9,485),(300,6,10,708),(301,6,11,1460),(302,6,12,382),(303,6,13,206),(304,6,14,597),(305,6,15,490),(306,6,16,1087),(307,6,17,837),(308,6,18,1119),(309,6,19,967),(310,6,20,1500),(311,6,21,777),(312,6,22,267),(313,6,23,262),(314,6,24,485),(315,6,25,571),(316,6,26,690),(317,6,27,877),(318,6,28,1720),(319,6,29,395),(320,6,30,1737),(321,6,31,585),(322,6,32,520),(323,6,33,735),(324,6,34,2957),(325,6,35,477),(326,6,36,1330),(327,6,37,1973),(328,6,38,1061),(329,6,39,437),(330,6,40,1217),(331,6,41,958),(332,6,42,1061),(333,6,43,534),(334,6,44,1351),(335,6,45,1232),(336,6,46,1599),(337,6,47,1353),(338,6,48,297),(339,6,49,943),(340,6,50,902),(341,6,51,750),(342,6,52,1720),(343,6,53,3547),(344,6,54,627),(345,6,55,1345),(346,6,56,597),(347,6,57,860),(348,6,58,333),(349,7,1,859),(350,7,2,947),(351,7,3,711),(352,7,4,1845),(353,7,5,628),(354,7,6,627),(355,7,7,0),(356,7,8,900),(357,7,9,658),(358,7,10,1048),(359,7,11,1113),(360,7,12,702),(361,7,13,659),(362,7,14,547),(363,7,15,768),(364,7,16,460),(365,7,17,1115),(366,7,18,680),(367,7,19,1152),(368,7,20,1153),(369,7,21,868),(370,7,22,360),(371,7,23,800),(372,7,24,513),(373,7,25,1118),(374,7,26,734),(375,7,27,1424),(376,7,28,1390),(377,7,29,293),(378,7,30,1464),(379,7,31,666),(380,7,32,880),(381,7,33,216),(382,7,34,2638),(383,7,35,400),(384,7,36,844),(385,7,37,1616),(386,7,38,424),(387,7,39,200),(388,7,40,600),(389,7,41,420),(390,7,42,552),(391,7,43,470),(392,7,44,865),(393,7,45,694),(394,7,46,1068),(395,7,47,867),(396,7,48,340),(397,7,49,618),(398,7,50,439),(399,7,51,970),(400,7,52,1447),(401,7,53,3228),(402,7,54,397),(403,7,55,1220),(404,7,56,155),(405,7,57,341),(406,7,58,622),(407,8,1,1228),(408,8,2,1474),(409,8,3,933),(410,8,4,2576),(411,8,5,630),(412,8,6,501),(413,8,7,900),(414,8,8,0),(415,8,9,978),(416,8,10,190),(417,8,11,1873),(418,8,12,231),(419,8,13,696),(420,8,14,925),(421,8,15,990),(422,8,16,1024),(423,8,17,1337),(424,8,18,1490),(425,8,19,1467),(426,8,20,1913),(427,8,21,1273),(428,8,22,573),(429,8,23,365),(430,8,24,833),(431,8,25,309),(432,8,26,189),(433,8,27,614),(434,8,28,2132),(435,8,29,620),(436,8,30,2206),(437,8,31,234),(438,8,32,20),(439,8,33,961),(440,8,34,3369),(441,8,35,720),(442,8,36,830),(443,8,37,2365),(444,8,38,876),(445,8,39,680),(446,8,40,1460),(447,8,41,1190),(448,8,42,794),(449,8,43,791),(450,8,44,851),(451,8,45,1464),(452,8,46,853),(453,8,47,853),(454,8,48,540),(455,8,49,1388),(456,8,50,635),(457,8,51,1245),(458,8,52,2189),(459,8,53,3959),(460,8,54,870),(461,8,55,1864),(462,8,56,836),(463,8,57,1098),(464,8,58,841),(465,9,1,240),(466,9,2,594),(467,9,3,158),(468,9,4,1630),(469,9,5,353),(470,9,6,485),(471,9,7,658),(472,9,8,978),(473,9,9,0),(474,9,10,1146),(475,9,11,943),(476,9,12,785),(477,9,13,293),(478,9,14,106),(479,9,15,215),(480,9,16,1118),(481,9,17,509),(482,9,18,919),(483,9,19,520),(484,9,20,983),(485,9,21,274),(486,9,22,468),(487,9,23,743),(488,9,24,145),(489,9,25,1068),(490,9,26,1092),(491,9,27,1374),(492,9,28,1252),(493,9,29,491),(494,9,30,1305),(495,9,31,764),(496,9,32,978),(497,9,33,492),(498,9,34,2423),(499,9,35,258),(500,9,36,1502),(501,9,37,1435),(502,9,38,1082),(503,9,39,522),(504,9,40,979),(505,9,41,639),(506,9,42,1210),(507,9,43,209),(508,9,44,1523),(509,9,45,838),(510,9,46,1726),(511,9,47,1525),(512,9,48,438),(513,9,49,448),(514,9,50,1097),(515,9,51,351),(516,9,52,1290),(517,9,53,3013),(518,9,54,260),(519,9,55,869),(520,9,56,498),(521,9,57,543),(522,9,58,152),(523,10,1,1340),(524,10,2,1624),(525,10,3,1181),(526,10,4,2726),(527,10,5,838),(528,10,6,708),(529,10,7,1048),(530,10,8,190),(531,10,9,1146),(532,10,10,0),(533,10,11,2073),(534,10,12,419),(535,10,13,904),(536,10,14,1093),(537,10,15,1238),(538,10,16,1175),(539,10,17,1585),(540,10,18,1634),(541,10,19,1716),(542,10,20,2081),(543,10,21,1531),(544,10,22,761),(545,10,23,555),(546,10,24,1001),(547,10,25,500),(548,10,26,325),(549,10,27,806),(550,10,28,2310),(551,10,29,791),(552,10,30,2404),(553,10,31,382),(554,10,32,168),(555,10,33,1109),(556,10,34,3556),(557,10,35,888),(558,10,36,978),(559,10,37,2533),(560,10,38,1027),(561,10,39,849),(562,10,40,1628),(563,10,41,1358),(564,10,42,942),(565,10,43,958),(566,10,44,999),(567,10,45,1632),(568,10,46,765),(569,10,47,1001),(570,10,48,708),(571,10,49,1536),(572,10,50,787),(573,10,51,1490),(574,10,52,2339),(575,10,53,4109),(576,10,54,1038),(577,10,55,2030),(578,10,56,1004),(579,10,57,1266),(580,10,58,1089),(581,11,1,835),(582,11,2,491),(583,11,3,1138),(584,11,4,1076),(585,11,5,1330),(586,11,6,1460),(587,11,7,1113),(588,11,8,1873),(589,11,9,943),(590,11,10,2073),(591,11,11,0),(592,11,12,1715),(593,11,13,1260),(594,11,14,943),(595,11,15,1119),(596,11,16,1464),(597,11,17,952),(598,11,18,855),(599,11,19,842),(600,11,20,40),(601,11,21,797),(602,11,22,1373),(603,11,23,1710),(604,11,24,1036),(605,11,25,2035),(606,11,26,1987),(607,11,27,2341),(608,11,28,632),(609,11,29,1386),(610,11,30,708),(611,11,31,1662),(612,11,32,1873),(613,11,33,899),(614,11,34,1869),(615,11,35,1153),(616,11,36,1957),(617,11,37,492),(618,11,38,1537),(619,11,39,1193),(620,11,40,1021),(621,11,41,930),(622,11,42,1665),(623,11,43,1114),(624,11,44,1978),(625,11,45,650),(626,11,46,2181),(627,11,47,1980),(628,11,48,1333),(629,11,49,495),(630,11,50,1578),(631,11,51,861),(632,11,52,689),(633,11,53,2459),(634,11,54,979),(635,11,55,520),(636,11,56,1037),(637,11,57,790),(638,11,58,1119),(639,12,1,1020),(640,12,2,1306),(641,12,3,725),(642,12,4,2408),(643,12,5,512),(644,12,6,382),(645,12,7,702),(646,12,8,231),(647,12,9,785),(648,12,10,419),(649,12,11,1715),(650,12,12,0),(651,12,13,582),(652,12,14,897),(653,12,15,782),(654,12,16,1255),(655,12,17,1129),(656,12,18,1302),(657,12,19,1259),(658,12,20,1755),(659,12,21,1065),(660,12,22,342),(661,12,23,284),(662,12,24,665),(663,12,25,463),(664,12,26,408),(665,12,27,742),(666,12,28,1964),(667,12,29,470),(668,12,30,2038),(669,12,31,465),(670,12,32,251),(671,12,33,793),(672,12,34,3201),(673,12,35,552),(674,12,36,1061),(675,12,37,2207),(676,12,38,1107),(677,12,39,512),(678,12,40,1292),(679,12,41,1033),(680,12,42,1025),(681,12,43,619),(682,12,44,1082),(683,12,45,1307),(684,12,46,1084),(685,12,47,1084),(686,12,48,372),(687,12,49,1197),(688,12,50,866),(689,12,51,1037),(690,12,52,2021),(691,12,53,3791),(692,12,54,702),(693,12,55,1615),(694,12,56,668),(695,12,57,930),(696,12,58,633),(697,13,1,528),(698,13,2,844),(699,13,3,233),(700,13,4,1946),(701,13,5,76),(702,13,6,206),(703,13,7,659),(704,13,8,696),(705,13,9,293),(706,13,10,904),(707,13,11,1260),(708,13,12,582),(709,13,13,0),(710,13,14,405),(711,13,15,290),(712,13,16,1119),(713,13,17,637),(714,13,18,1202),(715,13,19,767),(716,13,20,1300),(717,13,21,573),(718,13,22,299),(719,13,23,456),(720,13,24,293),(721,13,25,775),(722,13,26,880),(723,13,27,1081),(724,13,28,1502),(725,13,29,429),(726,13,30,1576),(727,13,31,616),(728,13,32,720),(729,13,33,766),(730,13,34,2739),(731,13,35,385),(732,13,36,1405),(733,13,37,1742),(734,13,38,1092),(735,13,39,468),(736,13,40,1248),(737,13,41,895),(738,13,42,1092),(739,13,43,291),(740,13,44,1426),(741,13,45,1135),(742,13,46,1428),(743,13,47,1428),(744,13,48,329),(745,13,49,743),(746,13,50,933),(747,13,51,545),(748,13,52,1559),(749,13,53,3329),(750,13,54,465),(751,13,55,1119),(752,13,56,628),(753,13,57,797),(754,13,58,141),(755,14,1,312),(756,14,2,551),(757,14,3,267),(758,14,4,1653),(759,14,5,465),(760,14,6,597),(761,14,7,547),(762,14,8,925),(763,14,9,106),(764,14,10,1093),(765,14,11,943),(766,14,12,897),(767,14,13,405),(768,14,14,0),(769,14,15,324),(770,14,16,1007),(771,14,17,590),(772,14,18,813),(773,14,19,592),(774,14,20,983),(775,14,21,316),(776,14,22,415),(777,14,23,830),(778,14,24,92),(779,14,25,1173),(780,14,26,1039),(781,14,27,1479),(782,14,28,1209),(783,14,29,438),(784,14,30,1283),(785,14,31,711),(786,14,32,925),(787,14,33,386),(788,14,34,2446),(789,14,35,205),(790,14,36,1391),(791,14,37,1435),(792,14,38,971),(793,14,39,469),(794,14,40,873),(795,14,41,533),(796,14,42,1099),(797,14,43,165),(798,14,44,1412),(799,14,45,732),(800,14,46,1615),(801,14,47,1414),(802,14,48,385),(803,14,49,448),(804,14,50,986),(805,14,51,423),(806,14,52,1266),(807,14,53,3036),(808,14,54,150),(809,14,55,826),(810,14,56,392),(811,14,57,437),(812,14,58,264),(813,15,1,289),(814,15,2,639),(815,15,3,60),(816,15,4,1740),(817,15,5,360),(818,15,6,490),(819,15,7,768),(820,15,8,990),(821,15,9,215),(822,15,10,1238),(823,15,11,1119),(824,15,12,782),(825,15,13,290),(826,15,14,324),(827,15,15,0),(828,15,16,1224),(829,15,17,355),(830,15,18,1137),(831,15,19,488),(832,15,20,1159),(833,15,21,322),(834,15,22,568),(835,15,23,743),(836,15,24,280),(837,15,25,1065),(838,15,26,1195),(839,15,27,1371),(840,15,28,1297),(841,15,29,595),(842,15,30,1371),(843,15,31,856),(844,15,32,1010),(845,15,33,667),(846,15,34,2533),(847,15,35,362),(848,15,36,1599),(849,15,37,1611),(850,15,38,1220),(851,15,39,626),(852,15,40,1197),(853,15,41,857),(854,15,42,1286),(855,15,43,299),(856,15,44,1620),(857,15,45,1056),(858,15,46,1823),(859,15,47,1622),(860,15,48,541),(861,15,49,664),(862,15,50,1127),(863,15,51,353),(864,15,52,1354),(865,15,53,3123),(866,15,54,428),(867,15,55,914),(868,15,56,615),(869,15,57,761),(870,15,58,147),(871,16,1,1376),(872,16,2,1408),(873,16,3,1167),(874,16,4,2294),(875,16,5,1088),(876,16,6,1087),(877,16,7,460),(878,16,8,1024),(879,16,9,1118),(880,16,10,1175),(881,16,11,1464),(882,16,12,1255),(883,16,13,1119),(884,16,14,1007),(885,16,15,1224),(886,16,16,0),(887,16,17,1575),(888,16,18,612),(889,16,19,1616),(890,16,20,1427),(891,16,21,1328),(892,16,22,820),(893,16,23,1260),(894,16,24,973),(895,16,25,1333),(896,16,26,839),(897,16,27,1639),(898,16,28,1798),(899,16,29,753),(900,16,30,1872),(901,16,31,775),(902,16,32,1007),(903,16,33,676),(904,16,34,3087),(905,16,35,860),(906,16,36,704),(907,16,37,1880),(908,16,38,154),(909,16,39,660),(910,16,40,446),(911,16,41,559),(912,16,42,388),(913,16,43,930),(914,16,44,725),(915,16,45,833),(916,16,46,928),(917,16,47,727),(918,16,48,800),(919,16,49,1015),(920,16,50,389),(921,16,51,1430),(922,16,52,1855),(923,16,53,3625),(924,16,54,912),(925,16,55,1683),(926,16,56,615),(927,16,57,586),(928,16,58,1075),(929,17,1,269),(930,17,2,461),(931,17,3,404),(932,17,4,1563),(933,17,5,707),(934,17,6,837),(935,17,7,1115),(936,17,8,1337),(937,17,9,509),(938,17,10,1585),(939,17,11,952),(940,17,12,1129),(941,17,13,637),(942,17,14,590),(943,17,15,355),(944,17,16,1575),(945,17,17,0),(946,17,18,1369),(947,17,19,130),(948,17,20,992),(949,17,21,310),(950,17,22,915),(951,17,23,1090),(952,17,24,616),(953,17,25,1407),(954,17,26,1542),(955,17,27,1713),(956,17,28,1119),(957,17,29,938),(958,17,30,1193),(959,17,31,1203),(960,17,32,1417),(961,17,33,993),(962,17,34,2356),(963,17,35,709),(964,17,36,1933),(965,17,37,1444),(966,17,38,1539),(967,17,39,973),(968,17,40,1418),(969,17,41,1098),(970,17,42,1623),(971,17,43,646),(972,17,44,1953),(973,17,45,1160),(974,17,46,2152),(975,17,47,1951),(976,17,48,895),(977,17,49,735),(978,17,50,1464),(979,17,51,169),(980,17,52,1176),(981,17,53,2946),(982,17,54,771),(983,17,55,736),(984,17,56,960),(985,17,57,1000),(986,17,58,494),(987,18,1,1100),(988,18,2,1118),(989,18,3,1080),(990,18,4,1990),(991,18,5,1220),(992,18,6,1119),(993,18,7,680),(994,18,8,1490),(995,18,9,919),(996,18,10,1634),(997,18,11,855),(998,18,12,1302),(999,18,13,1202),(1000,18,14,813),(1001,18,15,1137),(1002,18,16,612),(1003,18,17,1369),(1004,18,18,0),(1005,18,19,1349),(1006,18,20,815),(1007,18,21,1052),(1008,18,22,952),(1009,18,23,1392),(1010,18,24,867),(1011,18,25,1710),(1012,18,26,1391),(1013,18,27,2016),(1014,18,28,1546),(1015,18,29,874),(1016,18,30,1628),(1017,18,31,1243),(1018,18,32,1470),(1019,18,33,492),(1020,18,34,2783),(1021,18,35,890),(1022,18,36,1311),(1023,18,37,1267),(1024,18,38,766),(1025,18,39,790),(1026,18,40,166),(1027,18,41,264),(1028,18,42,1001),(1029,18,43,901),(1030,18,44,1331),(1031,18,45,236),(1032,18,46,1530),(1033,18,47,1329),(1034,18,48,930),(1035,18,49,789),(1036,18,50,1007),(1037,18,51,1200),(1038,18,52,1603),(1039,18,53,3373),(1040,18,54,735),(1041,18,55,1393),(1042,18,56,622),(1043,18,57,362),(1044,18,58,1037),(1045,19,1,249),(1046,19,2,336),(1047,19,3,534),(1048,19,4,1393),(1049,19,5,837),(1050,19,6,967),(1051,19,7,1152),(1052,19,8,1467),(1053,19,9,520),(1054,19,10,1716),(1055,19,11,842),(1056,19,12,1259),(1057,19,13,767),(1058,19,14,592),(1059,19,15,488),(1060,19,16,1616),(1061,19,17,130),(1062,19,18,1349),(1063,19,19,0),(1064,19,20,862),(1065,19,21,284),(1066,19,22,1102),(1067,19,23,1217),(1068,19,24,661),(1069,19,25,1542),(1070,19,26,1672),(1071,19,27,1848),(1072,19,28,994),(1073,19,29,1068),(1074,19,30,1068),(1075,19,31,1333),(1076,19,32,1547),(1077,19,33,970),(1078,19,34,2186),(1079,19,35,839),(1080,19,36,1996),(1081,19,37,1314),(1082,19,38,1574),(1083,19,39,1103),(1084,19,40,1392),(1085,19,41,1072),(1086,19,42,1704),(1087,19,43,776),(1088,19,44,2017),(1089,19,45,1140),(1090,19,46,2220),(1091,19,47,2019),(1092,19,48,1018),(1093,19,49,797),(1094,19,50,1610),(1095,19,51,170),(1096,19,52,1051),(1097,19,53,2776),(1098,19,54,754),(1099,19,55,611),(1100,19,56,990),(1101,19,57,974),(1102,19,58,626),(1103,20,1,875),(1104,20,2,531),(1105,20,3,1178),(1106,20,4,1116),(1107,20,5,1370),(1108,20,6,1500),(1109,20,7,1153),(1110,20,8,1913),(1111,20,9,983),(1112,20,10,2081),(1113,20,11,40),(1114,20,12,1755),(1115,20,13,1300),(1116,20,14,983),(1117,20,15,1159),(1118,20,16,1427),(1119,20,17,992),(1120,20,18,815),(1121,20,19,862),(1122,20,20,0),(1123,20,21,837),(1124,20,22,1413),(1125,20,23,1750),(1126,20,24,1076),(1127,20,25,2075),(1128,20,26,1887),(1129,20,27,2381),(1130,20,28,672),(1131,20,29,1426),(1132,20,30,746),(1133,20,31,1702),(1134,20,32,1880),(1135,20,33,939),(1136,20,34,1909),(1137,20,35,1193),(1138,20,36,1997),(1139,20,37,452),(1140,20,38,1577),(1141,20,39,1233),(1142,20,40,981),(1143,20,41,890),(1144,20,42,1705),(1145,20,43,1149),(1146,20,44,2018),(1147,20,45,610),(1148,20,46,2221),(1149,20,47,2020),(1150,20,48,1373),(1151,20,49,535),(1152,20,50,1618),(1153,20,51,901),(1154,20,52,729),(1155,20,53,2499),(1156,20,54,1019),(1157,20,55,560),(1158,20,56,1077),(1159,20,57,830),(1160,20,58,1159),(1161,21,1,48),(1162,21,2,306),(1163,21,3,348),(1164,21,4,1408),(1165,21,5,643),(1166,21,6,777),(1167,21,7,868),(1168,21,8,1273),(1169,21,9,274),(1170,21,10,1531),(1171,21,11,797),(1172,21,12,1065),(1173,21,13,573),(1174,21,14,316),(1175,21,15,322),(1176,21,16,1328),(1177,21,17,310),(1178,21,18,1052),(1179,21,19,284),(1180,21,20,837),(1181,21,21,0),(1182,21,22,731),(1183,21,23,1023),(1184,21,24,408),(1185,21,25,1350),(1186,21,26,1520),(1187,21,27,1654),(1188,21,28,964),(1189,21,29,754),(1190,21,30,1038),(1191,21,31,1027),(1192,21,32,1241),(1193,21,33,676),(1194,21,34,2202),(1195,21,35,521),(1196,21,36,1712),(1197,21,37,1408),(1198,21,38,912),(1199,21,39,785),(1200,21,40,1108),(1201,21,41,788),(1202,21,42,1420),(1203,21,43,475),(1204,21,44,1733),(1205,21,45,853),(1206,21,46,1936),(1207,21,47,1735),(1208,21,48,701),(1209,21,49,436),(1210,21,50,1307),(1211,21,51,140),(1212,21,52,1021),(1213,21,53,2792),(1214,21,54,470),(1215,21,55,581),(1216,21,56,713),(1217,21,57,690),(1218,21,58,432),(1219,22,1,712),(1220,22,2,964),(1221,22,3,511),(1222,22,4,2066),(1223,22,5,268),(1224,22,6,267),(1225,22,7,360),(1226,22,8,573),(1227,22,9,468),(1228,22,10,761),(1229,22,11,1373),(1230,22,12,342),(1231,22,13,299),(1232,22,14,415),(1233,22,15,568),(1234,22,16,820),(1235,22,17,915),(1236,22,18,952),(1237,22,19,1102),(1238,22,20,1413),(1239,22,21,731),(1240,22,22,0),(1241,22,23,440),(1242,22,24,323),(1243,22,25,758),(1244,22,26,684),(1245,22,27,1064),(1246,22,28,1641),(1247,22,29,128),(1248,22,30,1715),(1249,22,31,318),(1250,22,32,590),(1251,22,33,468),(1252,22,34,2887),(1253,22,35,210),(1254,22,36,1107),(1255,22,37,1865),(1256,22,38,794),(1257,22,39,170),(1258,22,40,950),(1259,22,41,691),(1260,22,42,794),(1261,22,43,277),(1262,22,44,1128),(1263,22,45,965),(1264,22,46,1331),(1265,22,47,1130),(1266,22,48,30),(1267,22,49,855),(1268,22,50,635),(1269,22,51,853),(1270,22,52,1698),(1271,22,53,2887),(1272,22,54,360),(1273,22,55,1258),(1274,22,56,326),(1275,22,57,593),(1276,22,58,423),(1277,23,1,978),(1278,23,2,1291),(1279,23,3,680),(1280,23,4,2212),(1281,23,5,392),(1282,23,6,262),(1283,23,7,800),(1284,23,8,365),(1285,23,9,743),(1286,23,10,555),(1287,23,11,1710),(1288,23,12,284),(1289,23,13,456),(1290,23,14,830),(1291,23,15,743),(1292,23,16,1260),(1293,23,17,1090),(1294,23,18,1392),(1295,23,19,1217),(1296,23,20,1750),(1297,23,21,1023),(1298,23,22,440),(1299,23,23,0),(1300,23,24,745),(1301,23,25,349),(1302,23,26,554),(1303,23,27,655),(1304,23,28,1949),(1305,23,29,568),(1306,23,30,2031),(1307,23,31,599),(1308,23,32,385),(1309,23,33,908),(1310,23,34,3186),(1311,23,35,650),(1312,23,36,1195),(1313,23,37,2203),(1314,23,38,1234),(1315,23,39,610),(1316,23,40,1390),(1317,23,41,1131),(1318,23,42,1159),(1319,23,43,740),(1320,23,44,1216),(1321,23,45,1405),(1322,23,46,1218),(1323,23,47,1220),(1324,23,48,470),(1325,23,49,1193),(1326,23,50,1000),(1327,23,51,995),(1328,23,52,2014),(1329,23,53,3776),(1330,23,54,800),(1331,23,55,1566),(1332,23,56,766),(1333,23,57,1033),(1334,23,58,591),(1335,24,1,379),(1336,24,2,641),(1337,24,3,223),(1338,24,4,1733),(1339,24,5,353),(1340,24,6,485),(1341,24,7,513),(1342,24,8,833),(1343,24,9,145),(1344,24,10,1001),(1345,24,11,1036),(1346,24,12,665),(1347,24,13,293),(1348,24,14,92),(1349,24,15,280),(1350,24,16,973),(1351,24,17,616),(1352,24,18,867),(1353,24,19,661),(1354,24,20,1076),(1355,24,21,408),(1356,24,22,323),(1357,24,23,745),(1358,24,24,0),(1359,24,25,1081),(1360,24,26,947),(1361,24,27,1387),(1362,24,28,1299),(1363,24,29,346),(1364,24,30,1373),(1365,24,31,619),(1366,24,32,833),(1367,24,33,1377),(1368,24,34,2526),(1369,24,35,113),(1370,24,36,1343),(1371,24,37,1528),(1372,24,38,937),(1373,24,39,370),(1374,24,40,920),(1375,24,41,605),(1376,24,42,1027),(1377,24,43,78),(1378,24,44,1364),(1379,24,45,824),(1380,24,46,1567),(1381,24,47,1366),(1382,24,48,293),(1383,24,49,541),(1384,24,50,868),(1385,24,51,490),(1386,24,52,1356),(1387,24,53,3116),(1388,24,54,148),(1389,24,55,916),(1390,24,56,390),(1391,24,57,502),(1392,24,58,152),(1393,25,1,1303),(1394,25,2,1655),(1395,25,3,1008),(1396,25,4,2757),(1397,25,5,705),(1398,25,6,571),(1399,25,7,1118),(1400,25,8,309),(1401,25,9,1068),(1402,25,10,500),(1403,25,11,2035),(1404,25,12,463),(1405,25,13,775),(1406,25,14,1173),(1407,25,15,1065),(1408,25,16,1333),(1409,25,17,1407),(1410,25,18,1710),(1411,25,19,1542),(1412,25,20,2075),(1413,25,21,1350),(1414,25,22,758),(1415,25,23,349),(1416,25,24,1081),(1417,25,25,0),(1418,25,26,498),(1419,25,27,306),(1420,25,28,2274),(1421,25,29,886),(1422,25,30,2356),(1423,25,31,537),(1424,25,32,332),(1425,25,33,1226),(1426,25,34,3511),(1427,25,35,968),(1428,25,36,1142),(1429,25,37,2528),(1430,25,38,1180),(1431,25,39,928),(1432,25,40,1708),(1433,25,41,1449),(1434,25,42,1086),(1435,25,43,1035),(1436,25,44,1163),(1437,25,45,1723),(1438,25,46,1165),(1439,25,47,1165),(1440,25,48,785),(1441,25,49,1518),(1442,25,50,927),(1443,25,51,1320),(1444,25,52,2339),(1445,25,53,4101),(1446,25,54,1118),(1447,25,55,2016),(1448,25,56,1081),(1449,25,57,1343),(1450,25,58,916),(1451,26,1,1379),(1452,26,2,1613),(1453,26,3,1138),(1454,26,4,2715),(1455,26,5,827),(1456,26,6,690),(1457,26,7,734),(1458,26,8,189),(1459,26,9,1092),(1460,26,10,325),(1461,26,11,1987),(1462,26,12,408),(1463,26,13,880),(1464,26,14,1039),(1465,26,15,1195),(1466,26,16,839),(1467,26,17,1542),(1468,26,18,1391),(1469,26,19,1672),(1470,26,20,1887),(1471,26,21,1520),(1472,26,22,684),(1473,26,23,554),(1474,26,24,947),(1475,26,25,498),(1476,26,26,0),(1477,26,27,804),(1478,26,28,2265),(1479,26,29,592),(1480,26,30,2311),(1481,26,31,371),(1482,26,32,169),(1483,26,33,909),(1484,26,34,3522),(1485,26,35,834),(1486,26,36,641),(1487,26,37,2339),(1488,26,38,690),(1489,26,39,615),(1490,26,40,1289),(1491,26,41,1111),(1492,26,42,605),(1493,26,43,904),(1494,26,44,662),(1495,26,45,1385),(1496,26,46,664),(1497,26,47,664),(1498,26,48,654),(1499,26,49,1313),(1500,26,50,449),(1501,26,51,1434),(1502,26,52,2181),(1503,26,53,3926),(1504,26,54,984),(1505,26,55,1900),(1506,26,56,771),(1507,26,57,1015),(1508,26,58,986),(1509,27,1,1609),(1510,27,2,1961),(1511,27,3,1314),(1512,27,4,3063),(1513,27,5,1011),(1514,27,6,877),(1515,27,7,1424),(1516,27,8,614),(1517,27,9,1374),(1518,27,10,806),(1519,27,11,2341),(1520,27,12,742),(1521,27,13,1081),(1522,27,14,1479),(1523,27,15,1371),(1524,27,16,1639),(1525,27,17,1713),(1526,27,18,2016),(1527,27,19,1848),(1528,27,20,2381),(1529,27,21,1654),(1530,27,22,1064),(1531,27,23,655),(1532,27,24,1387),(1533,27,25,306),(1534,27,26,804),(1535,27,27,0),(1536,27,28,2580),(1537,27,29,1192),(1538,27,30,2662),(1539,27,31,843),(1540,27,32,638),(1541,27,33,1532),(1542,27,34,3817),(1543,27,35,1274),(1544,27,36,1448),(1545,27,37,2834),(1546,27,38,1486),(1547,27,39,1234),(1548,27,40,2014),(1549,27,41,1755),(1550,27,42,1392),(1551,27,43,1341),(1552,27,44,1469),(1553,27,45,2029),(1554,27,46,1471),(1555,27,47,1471),(1556,27,48,1091),(1557,27,49,1894),(1558,27,50,1233),(1559,27,51,1626),(1560,27,52,2645),(1561,27,53,4407),(1562,27,54,1424),(1563,27,55,2322),(1564,27,56,1387),(1565,27,57,1649),(1566,27,58,1222),(1567,28,1,1002),(1568,28,2,658),(1569,28,3,1305),(1570,28,4,444),(1571,28,5,1569),(1572,28,6,1720),(1573,28,7,1390),(1574,28,8,2132),(1575,28,9,1252),(1576,28,10,2310),(1577,28,11,632),(1578,28,12,1964),(1579,28,13,1502),(1580,28,14,1209),(1581,28,15,1297),(1582,28,16,1798),(1583,28,17,1119),(1584,28,18,1546),(1585,28,19,994),(1586,28,20,672),(1587,28,21,964),(1588,28,22,1641),(1589,28,23,1949),(1590,28,24,1299),(1591,28,25,2274),(1592,28,26,2265),(1593,28,27,2580),(1594,28,28,0),(1595,28,29,1683),(1596,28,30,82),(1597,28,31,1935),(1598,28,32,2151),(1599,28,33,1185),(1600,28,34,1237),(1601,28,35,1450),(1602,28,36,2234),(1603,28,37,933),(1604,28,38,1814),(1605,28,39,1481),(1606,28,40,1631),(1607,28,41,1308),(1608,28,42,1942),(1609,28,43,1374),(1610,28,44,2255),(1611,28,45,1360),(1612,28,46,2458),(1613,28,47,2457),(1614,28,48,1611),(1615,28,49,783),(1616,28,50,1829),(1617,28,51,1028),(1618,28,52,65),(1619,28,53,1827),(1620,28,54,1267),(1621,28,55,428),(1622,28,56,1323),(1623,28,57,1212),(1624,28,58,1358),(1625,29,1,735),(1626,29,2,987),(1627,29,3,538),(1628,29,4,2089),(1629,29,5,396),(1630,29,6,395),(1631,29,7,293),(1632,29,8,620),(1633,29,9,491),(1634,29,10,791),(1635,29,11,1386),(1636,29,12,470),(1637,29,13,429),(1638,29,14,438),(1639,29,15,595),(1640,29,16,753),(1641,29,17,938),(1642,29,18,874),(1643,29,19,1068),(1644,29,20,1426),(1645,29,21,754),(1646,29,22,128),(1647,29,23,568),(1648,29,24,346),(1649,29,25,886),(1650,29,26,592),(1651,29,27,1192),(1652,29,28,1683),(1653,29,29,0),(1654,29,30,1757),(1655,29,31,387),(1656,29,32,623),(1657,29,33,387),(1658,29,34,2921),(1659,29,35,233),(1660,29,36,979),(1661,29,37,1878),(1662,29,38,717),(1663,29,39,93),(1664,29,40,893),(1665,29,41,616),(1666,29,42,666),(1667,29,43,303),(1668,29,44,1000),(1669,29,45,893),(1670,29,46,1203),(1671,29,47,1002),(1672,29,48,98),(1673,29,49,791),(1674,29,50,507),(1675,29,51,845),(1676,29,52,1631),(1677,29,53,3403),(1678,29,54,328),(1679,29,55,1546),(1680,29,56,250),(1681,29,57,510),(1682,29,58,453),(1683,30,1,1076),(1684,30,2,732),(1685,30,3,1379),(1686,30,4,391),(1687,30,5,1643),(1688,30,6,1737),(1689,30,7,1464),(1690,30,8,2206),(1691,30,9,1305),(1692,30,10,2404),(1693,30,11,708),(1694,30,12,2038),(1695,30,13,1576),(1696,30,14,1283),(1697,30,15,1371),(1698,30,16,1872),(1699,30,17,1193),(1700,30,18,1628),(1701,30,19,1068),(1702,30,20,746),(1703,30,21,1038),(1704,30,22,1715),(1705,30,23,2031),(1706,30,24,1373),(1707,30,25,2356),(1708,30,26,2311),(1709,30,27,2662),(1710,30,28,82),(1711,30,29,1757),(1712,30,30,0),(1713,30,31,2009),(1714,30,32,2236),(1715,30,33,1259),(1716,30,34,1172),(1717,30,35,1524),(1718,30,36,2308),(1719,30,37,883),(1720,30,38,1888),(1721,30,39,1555),(1722,30,40,1705),(1723,30,41,1382),(1724,30,42,2016),(1725,30,43,1448),(1726,30,44,2329),(1727,30,45,1434),(1728,30,46,2532),(1729,30,47,2331),(1730,30,48,1685),(1731,30,49,857),(1732,30,50,1903),(1733,30,51,1102),(1734,30,52,17),(1735,30,53,1762),(1736,30,54,1341),(1737,30,55,502),(1738,30,56,1397),(1739,30,57,1229),(1740,30,58,1432),(1741,31,1,1008),(1742,31,2,1260),(1743,31,3,799),(1744,31,4,2362),(1745,31,5,586),(1746,31,6,585),(1747,31,7,666),(1748,31,8,234),(1749,31,9,764),(1750,31,10,382),(1751,31,11,1662),(1752,31,12,465),(1753,31,13,616),(1754,31,14,711),(1755,31,15,856),(1756,31,16,775),(1757,31,17,1203),(1758,31,18,1243),(1759,31,19,1333),(1760,31,20,1702),(1761,31,21,1027),(1762,31,22,318),(1763,31,23,599),(1764,31,24,619),(1765,31,25,537),(1766,31,26,371),(1767,31,27,843),(1768,31,28,1935),(1769,31,29,387),(1770,31,30,2009),(1771,31,31,0),(1772,31,32,214),(1773,31,33,747),(1774,31,34,3172),(1775,31,35,506),(1776,31,36,858),(1777,31,37,2154),(1778,31,38,627),(1779,31,39,466),(1780,31,40,1246),(1781,31,41,986),(1782,31,42,545),(1783,31,43,576),(1784,31,44,879),(1785,31,45,1260),(1786,31,46,1082),(1787,31,47,881),(1788,31,48,326),(1789,31,49,1154),(1790,31,50,386),(1791,31,51,1119),(1792,31,52,1992),(1793,31,53,3762),(1794,31,54,656),(1795,31,55,1552),(1796,31,56,622),(1797,31,57,884),(1798,31,58,710),(1799,32,1,1222),(1800,32,2,1444),(1801,32,3,953),(1802,32,4,2546),(1803,32,5,650),(1804,32,6,520),(1805,32,7,880),(1806,32,8,20),(1807,32,9,978),(1808,32,10,168),(1809,32,11,1873),(1810,32,12,251),(1811,32,13,720),(1812,32,14,925),(1813,32,15,1010),(1814,32,16,1007),(1815,32,17,1417),(1816,32,18,1470),(1817,32,19,1547),(1818,32,20,1880),(1819,32,21,1241),(1820,32,22,590),(1821,32,23,385),(1822,32,24,833),(1823,32,25,332),(1824,32,26,169),(1825,32,27,638),(1826,32,28,2151),(1827,32,29,623),(1828,32,30,2236),(1829,32,31,214),(1830,32,32,0),(1831,32,33,941),(1832,32,34,3388),(1833,32,35,720),(1834,32,36,810),(1835,32,37,2332),(1836,32,38,859),(1837,32,39,681),(1838,32,40,1460),(1839,32,41,1190),(1840,32,42,774),(1841,32,43,790),(1842,32,44,831),(1843,32,45,1464),(1844,32,46,833),(1845,32,47,833),(1846,32,48,540),(1847,32,49,1368),(1848,32,50,618),(1849,32,51,1330),(1850,32,52,2280),(1851,32,53,4048),(1852,32,54,870),(1853,32,55,1840),(1854,32,56,836),(1855,32,57,1098),(1856,32,58,921),(1857,33,1,721),(1858,33,2,731),(1859,33,3,610),(1860,33,4,1629),(1861,33,5,736),(1862,33,6,735),(1863,33,7,216),(1864,33,8,961),(1865,33,9,492),(1866,33,10,1109),(1867,33,11,899),(1868,33,12,793),(1869,33,13,766),(1870,33,14,386),(1871,33,15,667),(1872,33,16,676),(1873,33,17,993),(1874,33,18,492),(1875,33,19,970),(1876,33,20,939),(1877,33,21,676),(1878,33,22,468),(1879,33,23,908),(1880,33,24,377),(1881,33,25,1226),(1882,33,26,909),(1883,33,27,1532),(1884,33,28,1185),(1885,33,29,387),(1886,33,30,1259),(1887,33,31,747),(1888,33,32,941),(1889,33,33,0),(1890,33,34,2422),(1891,33,35,396),(1892,33,36,1060),(1893,33,37,1391),(1894,33,38,640),(1895,33,39,294),(1896,33,40,543),(1897,33,41,228),(1898,33,42,768),(1899,33,43,424),(1900,33,44,1081),(1901,33,45,502),(1902,33,46,1284),(1903,33,47,1083),(1904,33,48,421),(1905,33,49,404),(1906,33,50,655),(1907,33,51,808),(1908,33,52,1242),(1909,33,53,3012),(1910,33,54,232),(1911,33,55,1006),(1912,33,56,138),(1913,33,57,125),(1914,33,58,512),(1915,34,1,2239),(1916,34,2,1895),(1917,34,3,2542),(1918,34,4,793),(1919,34,5,2806),(1920,34,6,2957),(1921,34,7,2638),(1922,34,8,3369),(1923,34,9,2423),(1924,34,10,3556),(1925,34,11,1869),(1926,34,12,3201),(1927,34,13,2739),(1928,34,14,2446),(1929,34,15,2533),(1930,34,16,3087),(1931,34,17,2356),(1932,34,18,2783),(1933,34,19,2186),(1934,34,20,1909),(1935,34,21,2202),(1936,34,22,2887),(1937,34,23,3186),(1938,34,24,2526),(1939,34,25,3511),(1940,34,26,3522),(1941,34,27,3817),(1942,34,28,1237),(1943,34,29,2921),(1944,34,30,1172),(1945,34,31,3172),(1946,34,32,3388),(1947,34,33,2422),(1948,34,34,0),(1949,34,35,2688),(1950,34,36,3482),(1951,34,37,1643),(1952,34,38,3062),(1953,34,39,2720),(1954,34,40,2868),(1955,34,41,2545),(1956,34,42,3192),(1957,34,43,2613),(1958,34,44,3503),(1959,34,45,2597),(1960,34,46,3706),(1961,34,47,3505),(1962,34,48,2850),(1963,34,49,2020),(1964,34,50,3070),(1965,34,51,2265),(1966,34,52,1155),(1967,34,53,590),(1968,34,54,2504),(1969,34,55,1682),(1970,34,56,2560),(1971,34,57,2449),(1972,34,58,2595),(1973,35,1,502),(1974,35,2,754),(1975,35,3,305),(1976,35,4,1895),(1977,35,5,478),(1978,35,6,477),(1979,35,7,400),(1980,35,8,720),(1981,35,9,258),(1982,35,10,888),(1983,35,11,1153),(1984,35,12,552),(1985,35,13,385),(1986,35,14,205),(1987,35,15,362),(1988,35,16,860),(1989,35,17,709),(1990,35,18,890),(1991,35,19,839),(1992,35,20,1193),(1993,35,21,521),(1994,35,22,210),(1995,35,23,650),(1996,35,24,113),(1997,35,25,968),(1998,35,26,834),(1999,35,27,1274),(2000,35,28,1450),(2001,35,29,233),(2002,35,30,1524),(2003,35,31,506),(2004,35,32,720),(2005,35,33,396),(2006,35,34,2688),(2007,35,35,0),(2008,35,36,1230),(2009,35,37,1645),(2010,35,38,824),(2011,35,39,264),(2012,35,40,939),(2013,35,41,628),(2014,35,42,914),(2015,35,43,70),(2016,35,44,1251),(2017,35,45,902),(2018,35,46,1454),(2019,35,47,1253),(2020,35,48,180),(2021,35,49,664),(2022,35,50,755),(2023,35,51,600),(2024,35,52,1507),(2025,35,53,3278),(2026,35,54,164),(2027,35,55,1067),(2028,35,56,251),(2029,35,57,521),(2030,35,58,220),(2031,36,1,1579),(2032,36,2,1789),(2033,36,3,1542),(2034,36,4,2689),(2035,36,5,1375),(2036,36,6,1330),(2037,36,7,844),(2038,36,8,830),(2039,36,9,1502),(2040,36,10,978),(2041,36,11,1957),(2042,36,12,1061),(2043,36,13,1405),(2044,36,14,1391),(2045,36,15,1599),(2046,36,16,704),(2047,36,17,1933),(2048,36,18,1311),(2049,36,19,1996),(2050,36,20,1997),(2051,36,21,1712),(2052,36,22,1107),(2053,36,23,1195),(2054,36,24,1343),(2055,36,25,1142),(2056,36,26,641),(2057,36,27,1448),(2058,36,28,2234),(2059,36,29,979),(2060,36,30,2308),(2061,36,31,858),(2062,36,32,810),(2063,36,33,1060),(2064,36,34,3482),(2065,36,35,1230),(2066,36,36,0),(2067,36,37,2449),(2068,36,38,545),(2069,36,39,1012),(2070,36,40,1150),(2071,36,41,1264),(2072,36,42,310),(2073,36,43,1300),(2074,36,44,105),(2075,36,45,1538),(2076,36,46,270),(2077,36,47,90),(2078,36,48,1077),(2079,36,49,1462),(2080,36,50,472),(2081,36,51,1814),(2082,36,52,2291),(2083,36,53,4072),(2084,36,54,1296),(2085,36,55,2080),(2086,36,56,999),(2087,36,57,1185),(2088,36,58,1525),(2089,37,1,1380),(2090,37,2,983),(2091,37,3,1630),(2092,37,4,850),(2093,37,5,1823),(2094,37,6,1973),(2095,37,7,1616),(2096,37,8,2365),(2097,37,9,1435),(2098,37,10,2533),(2099,37,11,492),(2100,37,12,2207),(2101,37,13,1742),(2102,37,14,1435),(2103,37,15,1611),(2104,37,16,1880),(2105,37,17,1444),(2106,37,18,1267),(2107,37,19,1314),(2108,37,20,452),(2109,37,21,1408),(2110,37,22,1865),(2111,37,23,2203),(2112,37,24,1528),(2113,37,25,2528),(2114,37,26,2339),(2115,37,27,2834),(2116,37,28,933),(2117,37,29,1878),(2118,37,30,883),(2119,37,31,2154),(2120,37,32,2332),(2121,37,33,1391),(2122,37,34,1643),(2123,37,35,1645),(2124,37,36,2449),(2125,37,37,0),(2126,37,38,2039),(2127,37,39,1685),(2128,37,40,1433),(2129,37,41,1342),(2130,37,42,2157),(2131,37,43,1601),(2132,37,44,2470),(2133,37,45,1052),(2134,37,46,2673),(2135,37,47,2272),(2136,37,48,1815),(2137,37,49,987),(2138,37,50,2070),(2139,37,51,1353),(2140,37,52,871),(2141,37,53,2233),(2142,37,54,1471),(2143,37,55,1012),(2144,37,56,1529),(2145,37,57,1282),(2146,37,58,1612),(2147,38,1,1340),(2148,38,2,1423),(2149,38,3,1163),(2150,38,4,2269),(2151,38,5,1062),(2152,38,6,1061),(2153,38,7,424),(2154,38,8,876),(2155,38,9,1082),(2156,38,10,1027),(2157,38,11,1537),(2158,38,12,1107),(2159,38,13,1092),(2160,38,14,971),(2161,38,15,1220),(2162,38,16,154),(2163,38,17,1539),(2164,38,18,766),(2165,38,19,1574),(2166,38,20,1577),(2167,38,21,912),(2168,38,22,794),(2169,38,23,1234),(2170,38,24,937),(2171,38,25,1180),(2172,38